# BoneCount
27

# BoneName=mixamorig:Hips
0
-1
0.000000 0.000000 0.000000
1.000000 0.000000 0.000000 0.000000
0.000000 1.000000 0.000000 0.000000
0.000000 0.000000 1.000000 0.000000
-0.065709 -101.868942 -1.915590 1.000000

# BoneName=mixamorig:Spine
1
0
0.000000 0.000000 0.000000
1.000000 0.000492 0.000069 -0.000000
-0.000496 0.990211 0.139578 0.000000
0.000000 -0.139578 0.990211 0.000000
-0.041300 -110.277557 -16.298536 1.000000

# BoneName=mixamorig:Spine1
2
1
0.000000 0.000000 0.000000
1.000000 0.000877 0.000096 -0.000000
-0.000880 0.985545 0.169414 0.000000
0.000054 -0.169414 0.985545 0.000000
0.005639 -120.595955 -19.949024 1.000000

# BoneName=mixamorig:Spine2
3
2
0.000000 0.000000 0.000000
1.000000 0.000877 0.000096 -0.000000
-0.000880 0.985545 0.169414 0.000000
0.000054 -0.169414 0.985545 0.000000
0.005639 -133.326920 -19.949022 1.000000

# BoneName=mixamorig:Neck
4
3
0.000000 0.000000 0.000000
1.000000 0.000000 -0.000000 0.000000
-0.000000 1.000000 0.000000 -0.000000
0.000000 -0.000000 1.000000 0.000000
-0.009873 -149.244919 2.389034 1.000000

# BoneName=mixamorig:Head
5
4
0.000000 0.000000 0.000000
1.000000 0.000000 -0.000000 0.000000
-0.000000 1.000000 0.000000 -0.000000
0.000000 -0.000000 1.000000 0.000000
0.136779 -159.608994 -0.261089 1.000000

# BoneName=mixamorig:HeadTop_End
6
5
0.000000 0.000000 0.000000
1.000000 0.000000 -0.000000 0.000000
-0.000000 1.000000 0.000000 -0.000000
0.000000 -0.000000 1.000000 0.000000
-0.001383 -177.677032 -6.482788 1.000000

# BoneName=mixamorig:RightEye
7
5
0.000000 0.000000 0.000000
1.000000 0.000000 -0.000000 0.000000
-0.000000 1.000000 0.000000 -0.000000
0.000000 -0.000000 1.000000 0.000000
2.941723 -167.598450 -8.995948 1.000000

# BoneName=mixamorig:LeftEye
8
5
0.000000 0.000000 0.000000
1.000000 0.000000 -0.000000 0.000000
-0.000000 1.000000 0.000000 -0.000000
0.000000 -0.000000 1.000000 0.000000
-2.940827 -167.598450 -8.995948 1.000000

# BoneName=mixamorig:LeftShoulder
9
3
0.000000 0.000000 0.000000
-0.218212 0.974797 -0.046406 0.000000
0.174896 -0.007720 -0.984557 0.000000
-0.960102 -0.222958 -0.168803 0.000000
-26.357613 -4.982965 140.957458 1.000000

# BoneName=mixamorig:LeftArm
10
9
0.000000 0.000000 0.000000
-0.064354 0.997213 -0.037737 0.000000
0.171581 -0.026196 -0.984822 0.000000
-0.983066 -0.069852 -0.169417 0.000000
-28.591339 -13.393530 140.846359 1.000000

# BoneName=mixamorig:LeftForeArm
11
10
0.000000 0.000000 0.000000
0.065252 0.997238 -0.035459 0.000000
0.166747 -0.045932 -0.984929 0.000000
-0.983838 0.058356 -0.169284 0.000000
-33.885136 -39.021774 140.757538 1.000000

# BoneName=mixamorig:LeftHand
12
11
0.000000 0.000000 0.000000
0.065252 0.997238 -0.035459 0.000000
0.166747 -0.045932 -0.984929 0.000000
-0.983838 0.058356 -0.169284 0.000000
-33.885132 -64.631775 140.757523 1.000000

# BoneName=mixamorig:RightShoulder
13
3
0.000000 0.000000 0.000000
-0.238726 -0.966665 0.092563 0.000000
-0.168323 -0.052685 -0.984323 0.000000
0.956388 -0.250564 -0.150135 0.000000
25.512630 1.655550 141.144302 1.000000

# BoneName=mixamorig:RightArm
14
13
0.000000 0.000000 0.000000
-0.072834 -0.995981 0.052125 0.000000
-0.157072 -0.040157 -0.986770 0.000000
0.984898 -0.080058 -0.153515 0.000000
26.783337 -11.024526 140.812561 1.000000

# BoneName=mixamorig:RightForeArm
15
14
0.000000 0.000000 0.000000
0.046915 -0.998199 0.037391 0.000000
-0.151135 -0.044094 -0.987529 0.000000
0.987399 0.040679 -0.152932 0.000000
31.482225 -39.436985 140.245560 1.000000

# BoneName=mixamorig:RightHand
16
15
0.000000 0.000000 0.000000
0.046915 -0.998199 0.037391 0.000000
-0.151135 -0.044094 -0.987529 0.000000
0.987399 0.040679 -0.152932 0.000000
31.482225 -65.046181 140.245575 1.000000

# BoneName=mixamorig:RightUpLeg
17
0
0.000000 0.000000 0.000000
-0.999899 -0.014204 0.000000 0.000000
0.014169 -0.997412 -0.070495 0.000000
0.001001 -0.070488 0.997512 -0.000000
-9.936905 94.969948 4.843943 1.000000

# BoneName=mixamorig:RightLeg
18
17
0.000000 0.000000 0.000000
-0.999904 0.013864 0.000316 0.000000
-0.013834 -0.995550 -0.093209 0.000000
-0.000978 -0.093205 0.995647 0.000000
-8.476635 52.018223 6.031073 1.000000

# BoneName=mixamorig:RightFoot
19
18
0.000000 0.000000 0.000000
-0.997537 -0.047540 -0.051564 0.000000
-0.007362 -0.660176 0.751075 0.000000
-0.069747 0.749605 0.658201 0.000000
-8.872972 10.366733 -5.051471 1.000000

# BoneName=mixamorig:RightToeBase
20
19
0.000000 0.000000 0.000000
-0.998867 -0.035534 0.031660 0.000000
0.029747 0.053136 0.998144 0.000000
-0.037150 0.997955 -0.052019 0.000000
-9.111663 -6.201766 -0.376660 1.000000

# BoneName=mixamorig:RightToe_End
21
20
0.000000 0.000000 0.000000
-0.998867 -0.035534 0.031660 0.000000
0.029747 0.053136 0.998144 0.000000
-0.037150 0.997955 -0.052019 0.000000
-9.111663 -15.333288 -0.376660 1.000000

# BoneName=mixamorig:LeftUpLeg
22
0
0.000000 0.000000 0.000000
-0.999959 0.009044 -0.000000 0.000000
-0.009025 -0.997852 -0.064883 0.000000
-0.000587 -0.064881 0.997893 0.000000
9.539874 95.033394 4.082999 1.000000

# BoneName=mixamorig:LeftLeg
23
22
0.000000 0.000000 0.000000
-0.999904 -0.013834 -0.000414 0.000000
0.013811 -0.995413 -0.094670 0.000000
0.000898 -0.094666 0.995509 0.000000
8.338020 52.473751 5.653498 1.000000

# BoneName=mixamorig:LeftFoot
24
23
0.000000 0.000000 0.000000
-0.999689 0.009039 0.023219 0.000000
0.011807 -0.648772 0.760891 0.000000
0.021941 0.760929 0.648464 -0.000000
8.455660 10.357771 -5.244035 1.000000

# BoneName=mixamorig:LeftToeBase
25
24
0.000000 0.000000 0.000000
-0.999255 -0.018466 -0.033874 0.000000
-0.034402 0.029079 0.998985 0.000000
-0.017462 0.999407 -0.029693 0.000000
8.758387 -6.263029 -0.699340 1.000000

# BoneName=mixamorig:LeftToe_End
26
25
0.000000 0.000000 0.000000
-0.999255 -0.018466 -0.033874 0.000000
-0.034402 0.029079 0.998985 0.000000
-0.017462 0.999407 -0.029693 0.000000
8.758387 -15.428382 -0.699340 1.000000
